11 11 11
Layer 0
1 0 0 1 1 1 0 0 1 1 1 
1 0 1 0 0 0 1 1 0 0 0 
1 0 1 0 1 0 0 1 1 1 0 
0 1 1 0 1 1 0 0 0 0 1 
0 1 0 0 0 1 0 1 1 0 1 
1 0 0 1 1 1 1 1 0 0 1 
1 0 1 1 0 1 0 0 0 1 0 
1 0 0 0 0 1 1 0 1 1 0 
0 1 1 1 0 0 1 0 1 0 1 
0 0 0 1 1 0 0 0 1 0 1 
1 1 1 0 0 1 1 1 0 0 1 

Layer 1
0 1 1 1 0 0 1 1 1 0 0 
0 1 0 0 1 1 0 0 0 1 1 
1 0 0 0 0 1 1 1 0 0 1 
1 0 1 1 0 0 0 1 0 0 1 
1 0 1 0 1 0 1 0 0 1 0 
0 1 1 0 0 1 0 0 1 1 0 
0 1 0 0 1 0 1 0 1 0 1 
1 0 0 1 0 0 0 1 1 0 1 
1 0 0 1 1 1 0 0 0 0 1 
1 1 0 0 0 1 1 0 0 1 0 
0 0 1 1 1 0 0 1 1 1 0 

Layer 2
1 1 0 0 1 1 1 0 0 1 1 
1 0 1 1 0 0 0 1 1 0 1 
0 1 0 1 1 1 0 0 0 1 0 
0 1 0 0 0 1 0 0 1 1 0 
1 0 0 0 1 0 1 0 1 0 1 
1 0 1 1 0 1 0 1 1 0 1 
1 0 1 0 1 0 1 0 0 0 1 
0 1 1 0 0 1 0 0 0 1 0 
0 1 0 0 0 1 1 1 0 1 0 
1 0 1 1 0 0 0 1 1 0 1 
1 1 0 0 1 1 1 0 0 1 1 

Layer 3
0 0 1 1 1 0 0 1 1 1 0 
1 1 0 0 0 1 1 0 0 1 0 
1 0 1 1 0 0 1 1 1 0 1 
1 0 1 0 1 0 0 0 1 0 1 
0 1 1 0 1 0 1 1 0 0 1 
0 1 0 0 0 1 0 0 0 1 0 
1 0 0 1 1 0 1 0 1 1 0 
1 0 1 0 0 0 1 0 1 0 1 
1 0 1 1 1 0 0 1 1 0 1 
0 1 0 0 1 1 0 0 0 1 1 
0 1 1 1 0 0 1 1 1 0 0 

Layer 4
1 1 1 0 0 1 1 1 0 0 1 
0 0 0 1 1 0 0 0 1 0 1 
0 1 0 0 1 1 1 0 0 0 1 
1 0 0 0 0 1 0 0 0 1 0 
1 0 1 0 1 0 1 0 1 1 0 
1 0 1 1 0 1 0 1 1 0 1 
0 1 1 0 1 0 1 0 1 0 1 
0 1 0 0 0 1 0 0 0 0 1 
1 0 0 0 1 1 1 0 0 1 0 
1 0 1 0 0 0 1 1 0 0 0 
1 0 0 1 1 1 0 0 1 1 1 

Layer 5
1 0 0 1 1 1 0 0 1 1 1 
1 0 1 0 0 0 1 1 0 0 0 
1 0 0 1 1 0 0 1 0 1 0 
0 1 1 1 0 0 0 1 1 0 1 
0 1 0 0 1 0 1 0 1 0 1 
1 0 0 0 0 1 0 0 0 0 1 
1 0 1 0 1 0 1 0 0 1 0 
1 0 1 1 0 0 0 1 1 1 0 
0 1 0 1 0 0 1 1 0 0 1 
0 0 0 1 1 0 0 0 1 0 1 
1 1 1 0 0 1 1 1 0 0 1 

Layer 6
0 1 1 1 0 0 1 1 1 0 0 
0 1 0 0 1 1 0 0 0 1 1 
1 0 1 0 0 0 0 1 1 0 1 
1 0 1 0 0 1 1 0 0 0 1 
1 0 0 1 1 0 1 0 0 1 0 
0 1 0 1 0 1 0 1 0 1 0 
0 1 0 0 1 0 1 1 0 0 1 
1 0 0 0 1 1 0 0 1 0 1 
1 0 1 1 0 0 0 0 1 0 1 
1 1 0 0 0 1 1 0 0 1 0 
0 0 1 1 1 0 0 1 1 1 0 

Layer 7
1 1 0 0 1 1 1 0 0 1 1 
1 0 1 1 0 0 0 0 1 0 1 
0 1 0 0 1 1 0 1 0 1 0 
0 0 1 1 0 1 0 1 0 1 0 
1 0 0 0 0 0 0 0 1 0 1 
1 0 1 1 0 1 0 1 1 0 1 
1 0 1 0 0 0 0 0 0 0 1 
0 1 0 1 0 1 0 1 1 0 0 
0 1 0 1 0 1 1 0 0 1 0 
1 0 1 0 0 0 0 1 1 0 1 
1 1 0 0 1 1 1 0 0 1 1 

Layer 8
0 0 1 1 1 0 0 1 1 1 0 
1 1 0 0 0 0 1 0 0 1 0 
1 0 1 0 0 1 0 0 1 0 1 
1 0 0 1 1 0 0 1 0 0 1 
0 1 0 0 1 0 1 1 0 0 1 
0 0 1 0 0 1 0 0 1 0 0 
1 0 0 1 1 0 1 0 0 1 0 
1 0 0 1 0 0 1 1 0 0 1 
1 0 1 0 0 1 0 0 1 0 1 
0 1 0 0 1 0 0 0 0 1 1 
0 1 1 1 0 0 1 1 1 0 0 

Layer 9
1 1 1 0 0 1 1 1 0 0 1 
0 0 0 1 1 0 0 0 1 0 1 
0 1 1 0 1 1 0 0 1 0 1 
1 0 0 0 0 0 1 0 0 1 0 
1 0 0 1 1 0 1 0 1 1 0 
1 0 1 0 0 1 0 0 1 0 1 
0 1 1 0 1 0 1 1 0 0 1 
0 1 0 0 1 0 0 0 0 0 1 
1 0 1 0 0 1 1 0 1 1 0 
1 0 1 0 0 0 1 1 0 0 0 
1 0 0 1 1 1 0 0 1 1 1 

Layer 10
1 0 0 1 1 1 0 0 1 1 1 
1 0 1 0 0 0 1 1 0 0 0 
1 0 0 1 1 0 0 1 0 1 0 
0 1 1 1 0 1 0 1 1 0 1 
0 1 0 0 1 0 1 0 1 0 1 
1 0 0 1 0 1 0 1 0 0 1 
1 0 1 0 1 0 1 0 0 1 0 
1 0 1 1 0 1 0 1 1 1 0 
0 1 0 1 0 0 1 1 0 0 1 
0 0 0 1 1 0 0 0 1 0 1 
1 1 1 0 0 1 1 1 0 0 1 

